Price,Close,High,Low,Open,Volume
Ticker,HCM.VN,HCM.VN,HCM.VN,HCM.VN,HCM.VN
Date,,,,,
2017-01-02,3785.209716796875,3838.3354714192005,3612.5510142743183,3612.5510142743183,7317462
2017-01-09,3778.56982421875,3838.3361588508956,3692.240307474279,3785.210394713944,7280542
2017-01-16,3692.239013671875,3785.2090683337788,3692.239013671875,3771.927631953507,5711080
2017-01-23,3725.44287109375,3732.083439469583,3612.550508310793,3692.2391290833198,3116854
2017-01-30,3745.364990234375,3785.2093018330784,3725.442984456905,3725.442984456905,1893191
2017-02-06,3898.102294921875,3944.5871825739155,3718.8027138718903,3745.365592542717,14621789
2017-02-13,3997.712158203125,4143.807962325104,3918.0235377729546,3918.0235377729546,17436569
2017-02-20,4130.52783203125,4283.2645528533785,4010.994863578916,4030.9171750095625,19446907
2017-02-27,4070.761474609375,4303.186539696906,3957.8690772485743,4130.527808472741,14087408
2017-03-06,4190.29443359375,4263.342208167346,4037.557713963015,4070.76146607381,14157131
2017-03-13,4289.90576171875,4409.4387479598145,4117.24700381499,4183.654218393359,16825615
2017-03-20,4256.70068359375,4409.437068943405,4223.496938925873,4369.5927553682195,12991439
2017-03-27,4303.185546875,4349.670729193851,4210.215482281076,4263.341233477604,7556708
2017-04-03,4462.5634765625,4575.455864980702,4303.18619882656,4316.467638637889,16448679
2017-04-10,4157.08935546875,4568.8138900402755,4157.08935546875,4442.640392370877,12685616
2017-04-17,4157.08935546875,4236.777975063239,4010.993552878854,4157.08935546875,7501281
2017-04-24,4196.9345703125,4250.060328165112,4110.605363823914,4117.2459335335825,4714539
2017-05-01,4369.59228515625,4455.921771967789,4196.933611576918,4196.933611576918,4706396
2017-05-08,4953.9755859375,5000.46046433636,4369.592371505395,4369.592371505395,25039823
2017-05-15,5226.2451171875,5226.2451171875,4582.095559428499,4887.56861672665,27237081
2017-05-22,5997.8447265625,6311.368768324535,5398.060192315979,5657.058367328331,39390446
2017-05-29,6066.00244140625,6134.159467717338,5479.849058797865,6038.7395077012725,25826035
2017-06-05,5800.189453125,6106.897344011045,5697.953284195385,6066.003245980877,16304095
2017-06-12,5813.8203125,6025.107581476546,5725.215318258574,5786.557379480185,14203953
2017-06-19,6140.97509765625,6154.606255302328,5820.6355021415175,5834.266659787595,18149493
2017-06-26,6079.6328125,6243.210393533254,5956.949934676376,6175.053376054049,11192540
2017-07-03,6134.15966796875,6583.99839673736,6093.265574027641,6134.15966796875,16380020
2017-07-10,5997.8447265625,6229.57996820001,5875.161834327066,6134.159393436709,12262228
2017-07-17,5588.90087890625,5984.2137316123935,5473.033562867598,5984.2137316123935,12529326
2017-07-24,5820.63671875,5847.899655643215,5452.586762740204,5561.638510313064,9392853
2017-07-31,5970.58154296875,5970.58154296875,5793.372791410208,5820.635723642498,9230781
2017-08-07,5643.4267578125,6134.159572918172,5588.900889467425,6025.107836228022,7852169
2017-08-14,5527.560546875,5752.479644798758,5343.535550436084,5616.164946677867,7354153
2017-08-21,5200.40478515625,5568.454743622063,5111.800393637736,5452.5867991256155,509091976
2017-08-28,5384.4296875,5384.4296875,5152.694725670446,5200.404710894953,8261769
2017-09-04,5234.4814453125,5486.663985709427,5234.4814453125,5384.427853975676,7289333
2017-09-11,5711.58349609375,5711.58349609375,5139.061969196631,5207.218985875927,14237081
2017-09-18,5622.97998046875,5786.557584379861,5541.191178513194,5725.215520986152,10567196
2017-09-25,5575.27099609375,5725.216860133753,5493.4821750075125,5616.165098685436,5945374
2017-10-02,5629.79638671875,5650.243744185991,5466.2187587864455,5561.63873379555,6305654
2017-10-09,5902.4248046875,5984.2136053245285,5684.321336322092,5684.321336322092,10980314
2017-10-16,5697.95361328125,6031.92507667969,5697.95361328125,5929.688901845416,9979562
2017-10-23,5479.849609375,5691.137520792997,5302.640830439296,5691.137520792997,8805450
2017-10-30,5479.849609375,5807.0048467050165,5329.903766883464,5479.849609375,7915137
2017-11-06,5657.05859375,5779.741490895772,5486.665407312992,5554.822435526702,5745733
2017-11-13,6161.42333984375,6338.632743867512,5629.796359578085,5629.796359578085,12952065
2017-11-20,6720.3125,6788.469522758104,6052.370351096091,6256.84265117577,14437369
2017-11-27,7061.1005859375,7101.995302393784,6693.051217345116,6747.577095351605,11803630
2017-12-04,7483.67529296875,7647.25290173203,6952.0477565367155,7020.2054014727855,12336208
2017-12-11,7197.41552734375,7497.307866645692,6815.734368232188,7224.6784672802905,10473692
2017-12-18,7742.673828125,7906.251457224179,7224.678002644266,7224.678002644266,5703768
2017-12-25,8192.5126953125,8369.7214872653,7633.622149201654,7769.936841435662,5284407
2018-01-01,8396.982421875,8724.13760516504,8069.827238584961,8192.510740270063,5563998
2018-01-08,8247.0390625,8655.983163514122,8110.72436216196,8437.879642973257,8138791
2018-01-15,8654.2421875,8654.2421875,8049.818880262999,8297.082960496318,9649263
2018-01-22,10316.404296875,10316.404296875,8654.240782211002,8654.240782211002,9197840
2018-01-29,11264.25,11799.989088884196,10385.089548171853,10412.563331687297,10743936
2018-02-05,11126.8837890625,11168.094782394586,9863.08951042665,11058.1996277306,14707845
2018-02-12,10962.0419921875,11429.095818685457,10714.777252434336,11126.884738245451,2592560
2018-02-19,10989.513671875,11195.567386830713,10632.355057861916,10962.040505258134,3238906
2018-02-26,10975.7763671875,11470.30450577914,10714.775094819968,11319.19837532086,14001814
2018-03-05,10247.72265625,11126.883902526994,10124.090295659204,11113.14731838701,10567566
2018-03-12,10810.93359375,10975.776305690268,9794.404157451132,10247.721304953811,7732060
2018-03-19,10838.4091796875,11195.567807108186,10577.407880367857,10852.145763511598,9467712
2018-03-26,10975.7763671875,11099.408091502353,10494.984811001461,10838.408060467047,6988459
2018-04-02,12225.8359375,12569.25800239628,11058.200172053188,11113.14775208989,16477920
2018-04-09,11250.5166015625,12775.31232839668,11126.884851098239,12308.25725582921,14381941
2018-04-16,10989.513671875,11319.19911927122,10577.40748329588,11195.567386830713,11937851
2018-04-23,9821.876953125,11195.56546021532,9135.032389246817,11195.56546021532,8283515
2018-04-30,9766.9306640625,10041.667904842097,9203.717737765697,9821.878236351646,4984737
2018-05-07,9341.0859375,10137.825673343577,9066.348097553939,9835.614049402911,8833996
2018-05-14,9478.4560546875,9959.247645654461,9080.086446781077,9341.087117363535,5351124
2018-05-21,8707.00390625,9643.390882447586,8385.557206719677,9503.631585144485,6584088
2018-05-28,9084.3525390625,9224.111818609097,8106.037582236321,8385.556141329515,8062080
2018-06-04,9629.4140625,9964.83633402046,9014.473231379161,9084.352555546104,6577795
2018-06-11,9363.8720703125,9769.174338809247,9154.233444961083,9433.752033073884,4117188
2018-06-18,8595.1953125,9363.87102856006,8120.01376557329,9363.87102856006,6953668
2018-06-25,7966.279296875,8944.594375794119,7966.279296875001,8804.835078805672,4990613
2018-07-02,7477.1220703125,7826.519996917893,6442.903272990292,7756.640664183367,11744965
2018-07-09,6820.25244140625,7588.9288206803785,6442.9026895829375,7477.121393256238,5946624
2018-07-16,7896.39892578125,7924.3507815034245,6694.46912972773,6806.27655261643,10684991
2018-07-23,7547.0009765625,7994.230701482727,6987.963820412215,7812.543941467058,5193307
2018-07-30,8161.94287109375,8175.919117482032,7588.930029969142,7616.88189127928,5981093
2018-08-06,8343.6298828125,8455.437322659009,7770.616437865946,8161.942477328726,5558537
2018-08-13,7994.2314453125,8483.389318191264,7686.760980821004,8343.630016149675,7640128
2018-08-20,8203.8701171875,8385.55688088868,7966.279005270928,8078.086438768995,5570567
2018-08-27,8623.1494140625,8888.691796653611,8259.775195302875,8273.750811060398,8892200
2018-09-03,8567.244140625,8623.147856490306,8245.797458666315,8623.147856490306,4207963
2018-09-10,8790.861328125,8930.620654736418,8441.462695863194,8567.246405546728,5468642
2018-09-17,9391.82421875,9433.752323993089,8679.052112814987,8804.835165611476,6779749
2018-09-24,9643.390625,9657.366870090382,9126.28155451687,9363.872037856048,6558687
2018-10-01,9377.849609375,9783.151302327524,9377.849609375,9643.391988987609,4664247
2018-10-08,8930.6201171875,9573.512980903233,8343.630980751395,9293.994344505089,4647499
2018-10-15,8525.31640625,8930.618679513967,8441.46082882984,8874.71496123386,2508213
2018-10-22,7365.314453125,8665.075567190319,7141.699583482246,8623.148094865486,4682430
2018-10-29,8036.158203125,8036.158203125,7267.481855153244,7351.3374223065475,2973518
2018-11-05,7547.0009765625,8050.134417097756,7505.073505584402,8036.158803927172,2781836
2018-11-12,7700.73779296875,7966.280170639041,7309.411718479358,7337.363580942886,4539049
2018-11-19,7756.64013671875,8064.110569068196,7700.736421746124,7812.543851691376,2132249
2018-11-26,7630.85693359375,7826.51994808247,7588.929460507927,7756.640615783974,1605870
2018-12-03,8106.87451171875,8191.46798820811,7768.500605761313,7965.885384236484,4837562
2018-12-10,7810.79833984375,8106.875875889997,7810.79833984375,8106.875875889997,2027779
2018-12-17,6993.06103515625,7754.402426885458,6767.478400569818,7712.106001412073,3890064
2018-12-24,6668.58154296875,7088.481082528171,6476.423745047114,7060.01328443319,2498451
2018-12-31,6319.849609375,6803.802106187831,6006.703876143169,6668.580567361017,2786926
2019-01-07,6213.095703125,6433.720618012712,6120.574892913237,6433.720618012712,3777543
2019-01-14,6177.5107421875,6277.148344156707,6092.107358980456,6262.914125394544,3763987
2019-01-21,6476.42236328125,6668.580120205401,6120.574641454231,6234.445809539369,6362285
2019-01-28,6391.02001953125,6576.060375997406,6262.914613182194,6447.95561277038,4607292
2019-02-04,6391.02001953125,6391.02001953125,6391.02001953125,6391.02001953125,0
2019-02-11,7259.28759765625,7401.62658276955,6526.242306664285,6547.592672089751,12065131
2019-02-18,9335.18359375,9601.902978000702,7145.415172400112,7259.2863407749655,7098035
2019-02-25,9801.9423828125,10318.711406984175,9351.85288004774,9351.85288004774,7627459
2019-03-04,9968.640625,10118.670660341204,9568.561602626525,9801.941514685766,4068915
2019-03-11,10268.7021484375,10468.742022013974,9635.243727835614,9735.263343062865,6912290
2019-03-18,9718.5927734375,10502.081191628284,9635.242886981296,10268.701252302148,5437941
2019-03-25,9401.86328125,9651.91294949082,9201.824061154895,9368.52319686017,3501969
2019-04-01,9201.82421875,9535.223138992445,9168.48413378917,9501.883697153566,5606037
2019-04-08,9068.4638671875,9701.922908136841,9068.4638671875,9235.16364865427,7097531
2019-04-15,8535.025390625,9068.4641961732,8535.025390625,9068.4641961732,3856848
2019-04-22,8485.015625,8668.385134924714,8068.266154151127,8334.985558245615,5411729
2019-04-29,8435.005859375,8585.035283758934,8184.9561756131325,8485.015667502978,1847734
2019-05-06,8768.4033203125,8918.433362592867,8234.964599142013,8334.98419858101,5512429
2019-05-13,8901.765625,9185.154767525266,8768.40527190339,8835.085448451695,6302934
2019-05-20,8334.9853515625,9085.134380488982,8301.645909218889,8968.444402920471,5436972
2019-05-27,10002.4091796875,10330.356840159158,9940.91909219374,10248.369529662536,3236333
2019-06-03,9530.9814453125,9838.432587218902,9264.523947145057,9797.438943479943,3223653
2019-06-10,9469.4931640625,9756.447142932268,9387.505861095513,9674.45983996528,2003404
2019-06-17,9838.4345703125,10002.408387562684,9223.532162556296,9592.473449058549,3397912
2019-06-24,9571.9765625,10043.400770415861,9408.001962302968,9838.434101684205,2802109
2019-07-01,10084.392578125,10248.366357607982,9633.464882236092,9756.445019159037,4638130
2019-07-08,9776.9443359375,10125.389214591325,9674.460594613282,10043.401905228988,4725004
2019-07-15,9653.962890625,9879.426775527725,9510.485513524492,9776.943047706976,8874156
2019-07-22,9162.0419921875,9571.9769267657,9141.544771004183,9551.479705582382,5749957
2019-07-29,8629.1259765625,9162.041018580869,8526.64225380841,9162.041018580869,3452945
2019-08-05,8280.6806640625,8629.125458665123,7932.235869459877,8629.125458665123,7733947
2019-08-12,8567.63671875,8567.63671875,7850.251315550237,8280.682715621577,10883114
2019-08-19,8731.609375,9080.053386815905,8567.634792078123,8813.595875703704,12514495
2019-08-26,8588.1328125,8731.61019057959,8239.68797738023,8547.139162940503,8351852
2019-09-02,8690.6171875,8813.597354569467,8383.165979068966,8588.133451356323,5494414
2019-09-09,9080.0537109375,9121.047358131278,8526.642241471905,8649.622392295978,9346129
2019-09-16,9592.4736328125,9756.447453203775,9100.552171638676,9121.048602653571,15561601
2019-09-23,10022.9033203125,10248.367186492393,9510.484723760708,9592.47201551189,14126916
2019-09-30,9510.486328125,10207.376053299613,9510.486328125,10166.38240050863,12648341
2019-10-07,9326.015625,9674.459679953197,9162.041812535437,9612.969599123653,7675022
2019-10-14,9223.53125,9735.949872432577,9182.537602053939,9510.485204107878,6679305
2019-10-21,9408.0029296875,9510.48666996995,9039.061622822159,9080.055277086618,8330499
2019-10-28,9797.439453125,9817.93588068207,9305.517284182977,9489.988295225545,9174497
2019-11-04,10473.8330078125,10617.3095981916,9838.434193753465,9838.434193753465,19208756
2019-11-11,10248.369140625,10617.310442339618,10248.369140625,10432.840186861002,12381699
2019-11-18,9838.4345703125,10371.349674064935,9756.44726630873,10248.368718059282,11189124
2019-11-25,9592.4736328125,9961.414926382213,9469.493465208387,9838.434758778098,7403442
2019-12-02,9797.439453125,9899.923172424818,9489.988295225545,9674.458515510876,2352398
2019-12-09,9367.0087890625,9899.923849569508,9305.517920670907,9776.942903543613,8252733
2019-12-16,8383.1650390625,9530.982438863683,8280.681314410349,9305.517770174583,7359058
2019-12-23,8933.1904296875,8933.1904296875,8515.752234130488,8557.495490023399,4540276
2019-12-30,8849.703125,9079.294253661144,8724.470941449099,8933.190442134706,4428672
2020-01-06,8766.21484375,8849.702964604092,8432.263970798724,8807.958904177045,8947754
2020-01-13,9016.6787109375,9225.398215012821,8766.2151450006,8787.087578547676,9525899
2020-01-20,9267.142578125,9267.142578125,8954.06331183463,8954.06331183463,4105952
2020-01-27,8035.69873046875,9267.14348143971,8035.69873046875,9267.14348143971,10427142
2020-02-03,7847.85009765625,8077.441238455434,7493.0275719179845,7513.899200996963,15010677
2020-02-10,8014.82568359375,8014.82568359375,7597.386652986261,7680.874781200805,12325087
2020-02-17,7868.72412109375,8286.162423605188,7847.85168256688,8014.827164618008,11766438
2020-02-24,7159.07568359375,7680.874449305892,6992.10023961238,7639.130387002404,13189411
2020-03-02,7576.5146484375,7764.362525003614,7179.948072133872,7263.435390982363,9178508
2020-03-09,5844.14404296875,7138.204400344546,5510.1927362359675,7054.716271699118,16044398
2020-03-16,5823.2724609375,6052.863624610545,5238.857930943008,5677.168627130706,13859029
2020-03-23,5155.36962890625,5635.424339608002,5134.497597437414,5551.936616348953,15408753
2020-03-30,5301.4736328125,5301.4736328125,4508.339972446697,4842.2909025762265,12183736
2020-04-06,6449.4296875,6616.405127394257,5531.064365465305,5593.680054771581,29993109
2020-04-13,7012.97314453125,7179.94859973049,6282.45482345602,6386.814583609624,19454482
2020-04-20,7159.07568359375,7263.435436736178,6282.454401383417,7138.204055058297,21900609
2020-04-27,6887.7412109375,7263.43620072014,6825.125513512505,7242.564569989364,7595342
2020-05-04,7200.81982421875,7472.155024293793,6470.301946892382,6762.5091783461885,21588316
2020-05-11,7743.4912109375,8014.82644558233,7263.436441145464,7367.796208719068,24214747
2020-05-18,7722.61962890625,8077.442196739631,7660.003929008165,7743.491260461379,14930619
2020-05-25,7847.85009765625,8348.77644264518,7722.618712717169,7722.618712717169,28214271
2020-06-01,8348.77734375,8453.137110873919,7889.595012590913,7931.339080487018,25172242
2020-06-08,8035.69873046875,8724.472217166633,7555.64396974337,8348.777222043844,21692552
2020-06-15,8098.31396484375,8119.185594675492,7493.027842164248,8077.441529779374,23482055
2020-06-22,7993.95458984375,8661.85643938678,7910.466456034535,8160.930052229507,27342026
2020-06-29,7931.33984375,8035.699620916856,7513.900735082575,7889.5957718367035,14995229
2020-07-06,8056.57080078125,8265.290343366878,7993.955099052107,8056.57080078125,13267828
2020-07-13,8292.345703125,8421.241993624048,8120.483706193671,8356.793848374524,12591414
2020-07-20,7411.55419921875,8335.31337583498,7347.106038766081,8292.347659267203,20224505
2020-07-27,7089.31298828125,7368.5889193251405,6874.485635908349,7089.31298828125,24202677
2020-08-03,7368.587890625,7561.933185246754,7046.347114251948,7046.347114251948,18270025
2020-08-10,7690.83056640625,7884.175887942845,7411.554635474086,7454.520354570889,24900424
2020-08-17,7755.27783203125,7798.243546149521,7497.485204917508,7583.415804356108,16168999
2020-08-24,8099.0029296875,8270.864961893312,7819.726194955344,7841.209466979798,33411901
2020-08-31,8378.2783203125,8507.174629339554,7905.657139216786,8120.484873460482,30247485
2020-09-07,8528.658203125,8657.555358056541,8184.934114236934,8464.21004005824,31682882
2020-09-14,8893.865234375,8915.347678331276,8442.727280909266,8571.623602242908,33226107
2020-09-21,8679.0361328125,9001.277714939331,8657.553692189857,8958.312004896181,26057346
2020-09-28,9366.486328125,9645.763093106674,8722.003844746368,8850.900175662484,38485604
2020-10-05,9688.7265625,9731.69227609998,9302.03679769604,9495.382094496987,29351478
2020-10-12,9645.76171875,9817.623745083429,9323.520108575594,9796.140473793039,23982947
2020-10-19,9495.3818359375,10075.416052950126,9237.588390155272,9796.140165351842,31782435
2020-10-26,8893.865234375,9710.210536683371,8679.037479620272,9495.382781928642,24768733
2020-11-02,9302.03515625,9516.862857543269,8915.345459681675,9022.759310328309,17805143
2020-11-09,9839.107421875,9968.00375059541,9323.521278195318,9323.521278195318,32465624
2020-11-16,10053.9345703125,10075.417014178052,9667.244779146635,9989.486409917854,29516948
2020-11-23,10569.5205078125,10633.968667143397,9925.038085705552,10096.900120187269,37253543
2020-11-30,10548.037109375,10848.795435290498,10204.313071529315,10612.485262871329,29489056
2020-12-07,11794.037109375,11987.382401212873,10548.037248545263,10569.519690394844,76617494
2020-12-14,12545.935546875,12588.901264062482,11729.590235504824,12030.349427019206,51597367
2020-12-21,13319.314453125,13383.762611178525,11772.555344648576,12760.762644930508,57606936
2020-12-28,13491.1767578125,13877.866542773992,13104.48697285101,13663.038792373389,35491931
2021-01-04,14183.931640625,14444.985030814816,13705.332359808292,14314.458335719908,4600343
2021-01-11,14858.3212890625,15010.602156910143,13574.805961619008,14227.44029064907,7175515
2021-01-18,13400.7685546875,14901.828860875952,12552.34338317608,14901.828860875952,6523850
2021-01-25,11703.91796875,13814.104188983889,10529.175254281832,13161.469067852291,5548358
2021-02-01,12182.5185546875,12313.045257443295,10507.422232435936,11573.392543024998,4545608
2021-02-08,11943.216796875,12704.62441393251,11529.88173689819,12313.043521587737,1245788
2021-02-15,12639.361328125,12965.678884911347,11943.217039124556,11943.217039124556,2528732
2021-02-22,12682.87109375,13030.942834807149,12508.835223221426,12726.379431921232,3103773
2021-03-01,13487.787109375,13814.10468157686,12791.64362676934,13009.187835622697,5281222
2021-03-08,14140.421875,14444.98528801942,13379.015021013938,13792.35012236173,4983015
2021-03-15,14227.439453125,14314.457806156513,13618.313499748,14140.421100093487,3298536
2021-03-22,12878.6611328125,14270.949775543879,12682.871093206697,14183.931420642712,3454820
2021-03-29,14227.439453125,14575.511186688658,13030.942554269475,13161.469244535549,3301142
2021-04-05,14662.529296875,14901.82850482652,14270.949232562249,14575.510945284712,4025418
2021-04-12,13922.8759765625,15228.145310862343,13705.330947632337,14858.319433105977,5070756
2021-04-19,13705.3310546875,14488.491989959924,12878.660106151809,14314.45697259374,3510839
2021-04-26,13357.259765625,13792.349001421373,13009.187201994255,13792.349001421373,1833156
2021-05-03,13814.103515625,14096.911886473825,13052.695911419087,13357.25928881391,2961022
2021-05-10,15402.185546875,15576.220602897858,13618.31573162403,13748.843282563175,7247652
2021-05-17,16014.1865234375,16589.281511146906,15107.305768969913,15837.233431823575,6301987
2021-05-24,16567.1640625,16699.878037967665,15881.473767008149,16058.425165401468,5111763
2021-05-31,18491.51953125,18845.425746478977,16677.759565000477,16943.187519731484,6449875
2021-06-07,17429.8046875,18491.518132822297,16058.424180616394,18226.090198164373,51786874
2021-06-14,19730.185546875,20128.32917319934,17297.09148682743,17474.044588902845,81539120
2021-06-21,21389.115234375,21389.115234375,19243.567756038905,19464.75828810204,59304985
2021-06-28,24109.7578125,24994.519942872274,21455.47312807392,22074.80559532007,55765680
2021-07-05,21278.515625,24109.752833485138,21145.801674189668,24109.752833485138,14422697
2021-07-12,21322.7578125,21322.7578125,19862.90232012827,21278.52038789144,19376893
2021-07-19,20017.734375,21256.40099816285,19420.520628363305,20349.520169062765,48570134
2021-07-26,21167.923828125,21455.472190608274,19464.757484252048,19929.2572410637,47493410
2021-08-02,21809.37890625,22384.473983073192,20902.498011256794,21145.807269909972,1293826915
2021-08-09,23401.951171875,23401.951171875,21632.42673109284,21676.66415943603,59839298
2021-08-16,25215.708984375,25658.08831671101,23888.565867295063,23932.803288521474,63044584
2021-08-23,23667.375,25746.564487519947,22517.184998108514,25215.708613841176,70003688
2021-08-30,24286.70703125,24684.850636801773,23446.184106971545,23844.327712523318,31293949
2021-09-06,24419.423828125,25392.660763483484,24153.994176643966,24596.3752224217,34118992
2021-09-13,23755.853515625,24375.18598844861,22649.90084269989,24330.948564207905,47401756
2021-09-20,24109.7578125,24684.85285590383,23578.90019293849,24065.518681966947,922783591
2021-09-27,22340.232421875,24286.707986234534,22340.232421875,24198.2331430246,37127737
2021-10-04,21676.66015625,22472.94566620797,21366.994801653993,22207.517731785512,1144197752
2021-10-11,22092.775390625,22847.588325118682,21676.660327075962,21676.660327075962,12375253
2021-10-18,21773.431640625,22876.619394442176,21773.431640625,22092.77564375004,17331886
2021-10-25,22179.869140625,22702.43048839166,21773.431019748197,21773.431019748197,10111471
2021-11-01,24444.3046875,24618.49122375614,22179.8677693369,22179.8677693369,32517982
2021-11-08,25692.650390625,25982.96187947002,24560.43182941004,24618.493444502798,40023739
2021-11-15,27057.119140625,28160.305200447623,25953.93137411173,26302.306188796345,46064256
2021-11-22,28276.431640625,29205.43119579598,25663.62124505199,26795.838172898566,55138199
2021-11-29,25837.810546875,29437.684204716537,25837.810546875,27869.998142550357,55071980
2021-12-06,25431.369140625,26011.995557677852,23834.65076045641,25547.49408269743,29933188
2021-12-13,27038.3203125,27126.20258374911,25427.15280218462,25778.680165046066,30050274
2021-12-20,26216.08984375,28480.20784023415,25143.613727636664,27526.895737022292,35242135
2021-12-27,27109.8203125,27765.22324695903,25769.22563010501,26692.74715077185,21043303
2022-01-03,26722.537109375,27884.386625058953,26692.746545217957,27109.819697484345,21632953
2022-01-10,24845.705078125,26811.912206804824,24488.21303212467,26722.538757465736,28009078
2022-01-17,22700.75,24994.6585025059,21807.020802045918,24905.285057303707,26596961
2022-01-24,22134.72265625,22522.005257130833,20853.70909033773,22313.4677984427,16919975
2022-01-31,22134.72265625,22134.72265625,22134.72265625,22134.72265625,0
2022-02-07,22939.078125,23356.153036955326,22402.84095403567,22641.168974765584,12300906
2022-02-14,22522.0078125,22522.0078125,21866.604796933476,22283.679761631476,22426976
2022-02-21,22522.0078125,23236.991965105564,21747.440771499216,22611.38126941474,37830390
2022-02-28,22670.958984375,23147.61501416297,22075.13894714004,22641.16842035223,34915104
2022-03-07,21568.697265625,23058.246822281086,21538.904943461086,22402.845507732174,35886264
2022-03-14,21032.453125,21568.6920260527,20704.75167165423,21568.6920260527,23709666
2022-03-21,20972.873046875,21658.06480005316,20972.873046875,21092.037058474154,20219480
2022-03-28,20526.009765625,20943.08297524816,20198.308260763562,20734.547246114656,22195211
2022-04-04,20555.80078125,21777.231619804625,20496.219643445478,20972.875751306427,30622617
2022-04-11,18172.51953125,20823.918589695913,18172.51953125,20555.799977348826,23197976
2022-04-18,16385.0546875,18172.516472576972,15610.489548565425,18172.516472576972,35612209
2022-04-25,15819.025390625,16623.3828513491,14329.47534824512,16385.054844568316,19063359
2022-05-02,13882.6123046875,15997.774036018174,13882.6123046875,15819.027135538041,13291632
2022-05-09,11797.2412109375,13763.448371319759,11797.2412109375,13405.956319555353,33060224
2022-05-16,13763.447265625,14448.63987195574,12303.687733685318,12601.597752889542,39783246
2022-05-23,14418.8505859375,14984.879234758399,12512.22541835238,13793.23905231647,36754184
2022-05-30,14031.56640625,14806.133362837067,13614.492362683573,14538.013896991084,20763529
2022-06-06,13405.9560546875,14299.686166440664,12988.881126858014,13912.402680175288,21330152
2022-06-13,10605.6005859375,12988.88082935897,10367.272561595353,12690.970798931286,30309280
2022-06-20,11856.8232421875,12184.524728102466,9831.03406931267,10784.347084848017,32193960
2022-06-27,12869.7177734375,13197.41926909592,11916.405605235626,12005.77905884358,39807776
2022-07-04,14478.4326171875,14597.596635613816,13257.00099047875,13495.32902733138,47278320
2022-07-11,14418.8505859375,15014.671552836497,13465.538439983957,14180.522549449113,47575101
2022-07-18,14686.9697265625,15908.400447595037,14359.268246099422,14538.014269348916,60103863
2022-07-25,15550.9072265625,16057.355567701907,14299.685158318714,14478.431168067827,55900319
2022-08-01,16504.220703125,16802.131620765747,15521.118002487023,15610.491452914852,67207342
2022-08-08,16265.8916015625,16653.17594420261,15819.026130119872,16444.638490681922,62176363
2022-08-15,16772.33984375,16980.87554455438,15938.1900351088,16385.055503636322,71560481
2022-08-22,16385.0546875,17159.62157779041,16087.145557557727,16682.965568798107,58899581
2022-08-29,15550.9072265625,16146.72725905954,15312.579213563684,15908.399246060724,39187127
2022-09-05,15133.8349609375,16027.56418605888,14180.521977740162,15431.744118859295,41038545
2022-09-12,15670.07421875,16325.477255051514,14657.17997051384,15342.372700599244,46943914
2022-09-19,15789.236328125,16265.892386984924,14597.596180975192,15670.072313410019,51584654
2022-09-26,14597.5966796875,16027.564905120706,13614.493086863153,15491.327696261293,64707429
2022-10-03,11499.3310546875,14478.432332431692,11499.3310546875,14478.432332431692,43417609
2022-10-10,12065.361328125,12363.271387077437,11112.04826379913,11320.585742904872,28690830
2022-10-17,11082.2568359375,12839.92648522893,11082.2568359375,11916.404936287805,26188360
2022-10-24,11439.7490234375,11737.659063039726,9652.287910146135,11112.047542036045,33893678
2022-10-31,12333.4794921875,13048.463607519403,11350.375895767113,11469.539914989096,55916572
2022-11-07,10516.2265625,12571.806097608876,10516.2265625,12214.314080692371,53601621
2022-11-14,11022.67578125,11201.42181819926,8550.020956601453,10158.73616482287,63213893
2022-11-21,11946.1962890625,11946.1962890625,10307.690666265564,11141.838760425968,50771065
2022-11-28,13346.373046875,13405.955049859309,12095.15010852656,12244.105553826306,80519745
2022-12-05,13197.4189453125,14150.73109012596,12452.643394337967,14001.776505337873,66424605
2022-12-12,13793.2392578125,14240.104770724784,12214.315554714623,13227.210600558727,55676980
2022-12-19,12631.3896484375,14538.014847998613,12273.897587709425,13823.030726542464,48844095
2022-12-26,11916.404296875,12959.089804203257,11737.658284962552,12810.134356437238,33558370
2023-01-02,13227.2099609375,13763.448025094829,11916.404928430466,11916.404928430466,26866200
2023-01-09,13614.4921875,14061.357666267297,12839.9261165576,13405.955606239113,31720645
2023-01-16,14478.4326171875,14478.4326171875,13584.702478990135,13733.657064184012,28551470
2023-01-23,14729.0966796875,15001.857201406996,14668.483131434436,14729.0966796875,7091289
2023-01-30,14304.802734375,15335.233118964366,14001.734974201658,14729.09759861768,41435857
2023-02-06,14365.416015625,14850.32442276194,13850.200387622688,14304.802464732882,25833187
2023-02-13,14668.4833984375,14789.710497150265,13395.598861953475,14183.575003586442,24488793
2023-02-20,14547.255859375,16001.981890731788,14274.494450108548,14729.096501939777,69892819
2023-02-27,13880.5068359375,14668.482953678462,13638.05264586336,14244.188121048714,33276789
2023-03-06,14729.0966796875,15214.005065712014,13941.120552397668,14213.881074117162,42387003
2023-03-13,14395.72265625,14910.938295368467,13850.200686450906,14547.25698216907,41531724
2023-03-20,14850.32421875,15092.778418987666,14062.348067977591,14395.722147885073,33242477
2023-03-27,15456.458984375,15698.91317308374,14729.096418248782,14910.937059780337,47446877
2023-04-03,15880.755859375,16365.664272026701,15517.074549886225,15850.447747326316,68700879
2023-04-10,15304.9267578125,16183.822815141297,15244.312315060197,16123.210154066275,48250684
2023-04-17,15517.072265625,16032.286932803594,15244.309987403678,15426.151506217893,37499146
2023-04-24,15123.083984375,15729.219454338985,14607.869280324896,15456.458938274476,30099185
2023-05-01,15123.083984375,15426.15261019556,15001.856890382203,15123.083984375,10110116
2023-05-08,15789.833984375,15850.446640886765,15214.00483912751,15244.311167383392,29713161
2023-05-15,15607.9931640625,15971.674464768257,15244.311863356743,15911.061805489246,34539162
2023-05-22,16001.9833984375,16517.198155495244,15698.914741435856,15729.221072632825,41346463
2023-05-29,16608.119140625,16911.186019778903,16062.5962637997,16214.12970337665,45721123
2023-06-05,16123.208984375,16850.57155457095,15698.91326092212,16820.265226232073,60194313
2023-06-12,16513.958984375,17067.500246276802,15991.171320481628,16421.70180608047,56802852
2023-06-19,17651.791015625,17928.56254306347,16360.197785706812,16544.710329467125,42474291
2023-06-26,17313.515625,18051.569326574638,17098.249510074453,17774.79783258531,37675981
2023-07-03,18328.33984375,18605.109542423615,17282.76281517772,17375.01998402399,55606849
2023-07-10,18666.615234375,18820.375979763,18143.82761533666,18512.854488987,42035591
2023-07-17,18728.119140625,19250.90857677505,18205.331512340206,18697.367352576544,37240291
2023-07-24,18974.138671875,19158.653031563736,18451.35099919927,18943.38688121535,34416657
2023-07-31,18635.86328125,19189.402682873486,18236.082815782804,19158.65089564223,32745985
2023-08-07,18143.828125,19650.68744943386,17897.808394457144,18851.128296799085,44540470
2023-08-14,17467.27734375,19312.41170151278,17467.27734375,18389.845426564,51508050
2023-08-21,18389.84765625,18728.12097362171,16667.720239006012,17651.792015793755,41451963
2023-08-28,20111.970703125,20573.254741687557,18359.09171816032,18605.10963101166,52959448
2023-09-04,20911.529296875,21495.82232765354,20111.971935064634,20111.971935064634,59826948
2023-09-11,21188.30078125,22233.876068985952,20819.273890072844,21096.04360648938,67212007
2023-09-18,19589.18359375,21834.096654249366,19589.18359375,21096.042896726405,61575427
2023-09-25,18789.625,19742.944916545002,18205.331972969325,19681.439531026626,47673073
2023-10-02,18359.09375,19220.156540275315,17498.03095972468,18697.36886957451,37605697
2023-10-09,19312.412109375,19742.94437254474,18236.083259315892,18359.092219097925,30602148
2023-10-16,17774.798828125,19281.65990913574,16114.178810505797,19189.402739305446,39824031
2023-10-23,16913.734375,18266.834571292024,16237.186084719018,17774.79698581718,41668528
2023-10-30,16606.21484375,17036.745295154717,14914.840306168691,16667.718419151286,41191751
2023-11-06,17774.798828125,18328.340039241542,16544.70925660514,16790.72717090911,43682183
2023-11-13,17651.791015625,18635.864544519554,17467.278471864687,17713.296402121992,39674737
2023-11-20,18082.322265625,18943.384972388303,17190.50777130075,17282.763133983608,47054982
2023-11-27,18143.828125,18389.84604767758,17252.011799394815,18082.322740397965,29155267
2023-12-04,19066.396484375,19558.432382717674,18420.599819766612,18482.103403126708,56200711
2023-12-11,19373.91796875,19896.705608689652,18758.87315474297,19250.909005948593,54318438
2023-12-18,19927.45703125,20357.989297076398,18943.385346921397,19435.421189085697,58437254
2023-12-25,21034.537109375,21096.042491920998,19835.20113231281,20050.46545156076,80507404
2024-01-01,22770.423828125,23510.925416031503,21034.53696854103,21034.53696854103,42895700
2024-01-08,22724.14453125,23001.832651794808,21983.642876463848,22862.988591522404,26208400
2024-01-15,22585.30078125,23510.92786244877,22215.04994877049,22862.98890560963,24195400
2024-01-22,24853.0859375,25362.18080772812,22307.611586359406,22724.143752909684,43268600
2024-01-29,24714.2421875,25547.306530898877,24343.99136821161,24991.93030196629,25058500
2024-02-05,25269.6171875,25732.430689102566,24436.552884615387,24714.240985576926,15859400
2024-02-12,24945.650390625,25454.745296556124,24853.087680455705,25454.745296556124,13171800
2024-02-19,24482.833984375,25177.054229678637,24343.989935314272,24945.647481244094,43016100
2024-02-26,26195.248046875,26843.187044500886,24621.68190978357,24667.963266756848,78591300
2024-03-04,26195.248046875,27167.156543313828,26056.40397595517,26565.49890266122,47993600
2024-03-11,26195.248046875,27167.156543313828,25454.746335302563,26241.52940384828,49631700
2024-03-18,26472.93359375,26796.90306080638,24529.11679141171,26241.52683156687,47379700
2024-03-25,27305.99609375,27815.090936175846,25639.867518538136,26565.49450476695,46874500
2024-04-01,26102.68359375,27953.937749335106,26102.68359375,27305.998794880317,43333900
2024-04-08,27305.99609375,27305.99609375,25917.55561440678,26102.68101165254,31412200
2024-04-15,23001.83203125,27352.27913575201,22955.550679074448,27120.872374874245,40188500
2024-04-22,25038.212890625,25593.589146978975,23510.928185651574,23788.61631382856,30813200
2024-04-29,24482.833984375,25084.491530304822,24251.427235940453,25038.210180617913,8153500
2024-05-06,26380.37109375,26565.49650493421,24621.6796875,24806.80509868421,39004000
2024-05-13,27305.99609375,27676.246888241527,25963.836963718222,26658.05720338983,36709200
2024-05-20,26935.748046875,28925.846270269543,26472.934506550686,27629.968357361467,55351900
2024-05-27,26704.337890625,27676.24620206889,26287.805757149046,26935.744631444973,30950000
2024-06-03,26565.49609375,27629.967191583186,26565.49609375,26704.34014998911,28514600
2024-06-10,26750.623046875,28370.47046320826,26658.060337370243,26658.060337370243,41886900
2024-06-17,26056.40234375,26750.622654862345,25917.55828152753,26565.49723856572,47362100
2024-06-24,24251.427734375,26148.96311053793,24112.583682460638,26102.68175989981,36781000
2024-07-01,25269.6171875,25593.586638621797,24158.864783653848,24436.552884615387,18784800
2024-07-08,25732.4296875,26241.524519446943,25269.61620391187,25454.74159734712,26495700
2024-07-15,24066.3046875,24899.369080528846,23418.36571514423,24899.369080528846,23748200
2024-07-22,24333.931640625,25675.17196727362,23471.705716350887,25004.55180394931,30040000
2024-07-29,23519.607421875,24812.94632287424,22513.677165542264,24525.53767820774,25679600
2024-08-05,24381.833984375,24477.636868400048,22034.663325761296,23184.297934061888,33300800
2024-08-12,26058.3828125,26058.3828125,24238.128130744484,24238.128130744484,40975500
2024-08-19,27543.326171875,27734.931919157607,25818.87444633152,26345.790251358696,57438300
2024-08-26,28070.244140625,28692.962867294154,27543.328294981868,27878.638378572952,61115400
2024-09-02,28070.244140625,28549.258545755118,27447.525413955846,27447.525413955846,33368400
2024-09-09,27974.439453125,28453.453827322344,27160.11501698951,27830.735140865796,47751700
2024-09-16,29363.58203125,29650.990664508565,26872.707209675773,27974.440303833606,77034700
2024-09-23,29507.28515625,30465.313895089286,29171.97509765625,29363.58084542411,55420100
2024-09-30,29171.9765625,30465.315424876848,28884.567926416257,29507.286637931036,49100600
2024-10-07,29890.5,30034.204326923078,28836.66826923077,29411.485576923078,52820500
2024-10-14,29171.9765625,30225.808228140395,28357.65209359606,30082.10391009852,43796500
2024-10-21,27112.216796875,29171.978850347838,27016.41391066696,29028.27452103578,50971600
2024-10-28,27208.017578125,27782.834850902287,27016.41182053257,27303.820456921214,24742500
2024-11-04,27878.638671875,28357.653082044675,27016.41273356959,27255.919938654424,33273400
2024-11-11,25291.9609375,27926.540201822918,25004.552290482952,27878.638760653408,44933100
2024-11-18,26537.3984375,27016.412849729244,25244.059524481047,25291.960965703973,36255900
2024-11-25,26968.51171875,27543.329020037745,26441.595859236237,26537.398742784193,25946000
2024-12-02,28022.34375,28549.259615384617,25866.778846153848,27208.01923076923,50259400
2024-12-09,28166.044921875,28740.862165178572,27926.53773716518,28070.242047991072,33550800
2024-12-16,28070.244140625,28645.061426781143,27782.835497546926,28166.047021651022,30659200
2024-12-23,28213.947265625,28980.370281329582,27447.524249920414,28261.848704106535,36106300
2024-12-30,27351.720703125,28932.468134303854,27351.720703125,28453.453761219353,29880000
2025-01-06,26058.3828125,27399.623104319853,26058.3828125,27303.82022633272,32072500
2025-01-13,27303.8203125,27399.623190789473,25435.66418585526,26058.382894736842,23934000
2025-01-20,28022.34375,28166.048076923078,27208.01923076923,27495.427884615387,26910100
2025-01-27,28022.34375,28022.34375,28022.34375,28022.34375,0
2025-02-03,27591.23046875,28166.047770182293,27399.624701605902,27734.934794108074,29874600
2025-02-10,28461.236328125,29092.628942912754,27441.294411929393,27926.981038689206,47113300
2025-02-17,29044.05859375,29432.607872596152,28266.96003605769,28461.23467548077,45256300
2025-02-24,30258.275390625,30938.236635358146,28801.21558048254,29044.05888217295,70074000
2025-03-03,31375.35546875,31715.336100764318,29918.29561726006,30161.13892584172,59187700
2025-03-10,30889.669921875,31763.90586306014,30598.25794147995,31521.06254606427,51427500
2025-03-17,30938.236328125,31521.06024639423,30452.54972956731,31083.94230769231,39863000
2025-03-24,30015.431640625,31666.7660674555,29481.17638488572,30938.236173265574,60234200
2025-03-31,26567.05859375,30258.276972406307,25887.097313471208,29724.021680758684,70606700
2025-04-07,25984.232421875,26227.075715537383,23021.544239193925,25449.977175817756,59450800
2025-04-14,25304.271484375,26567.0566256298,24527.17293591051,26421.350647792708,71039700
2025-04-21,24138.625,25255.70422535211,22050.172535211266,25061.429577464787,79464100
2025-04-28,24430.037109375,24867.155069582506,24041.487811412775,24284.331122639167,13267500
2025-05-05,25352.83984375,25401.408502454502,24430.035328364465,24430.035328364465,40341000
2025-05-12,25789.958984375,25935.664967337572,24770.01710363701,25352.84103548729,44600200
2025-05-19,25175.103515625,25715.974880218506,25076.76326751709,25715.974880218506,52118600
2025-05-26,25175.103515625,25961.82550048828,24240.871158599854,24781.74252319336,51251200
2025-06-02,25666.8046875,26748.547413793105,24978.422952586207,25076.763200431036,59448800
2025-06-09,25224.2734375,25420.95393213938,24978.42281920078,25175.103313840158,28856500
2025-06-16,20172.23046875,20603.930729401036,19696.23868060704,19696.23868060704,51857679
2025-06-23,20503.94140625,20946.47251573741,19819.018875381505,20093.737732108868,73639293
2025-06-30,22814.9375,23404.978987068967,20848.13254310345,21044.813038793105,74734700
2025-07-07,23945.8515625,24585.063205852155,23109.959413501027,23404.980171971252,75568300
2025-07-14,24486.72265625,25961.826430722893,23945.851272276606,24634.233033697292,119727400
2025-07-21,24732.572265625,25961.825360337974,23896.680161220178,24535.891770470924,88559100
2025-07-28,25470.125,27141.909266409268,24437.552364864863,25961.826254826254,123301600
2025-08-04,27731.951171875,27879.461550448803,25027.594231355277,25371.78511469415,101714300
2025-08-11,28272.822265625,29010.374150815216,26846.888620923914,27486.100254755434,109187400
2025-08-18,27731.951171875,28961.204326656694,26748.548648049647,28764.523821891624,92451300
2025-08-25,27731.951171875,27977.801802831338,25371.78511469415,26748.548648049647,73349700
2025-09-01,29207.0546875,29305.394938973066,27731.950915404042,27731.950915404042,45776000
2025-09-08,26797.71875,28223.65240825688,25765.14610091743,27731.95114678899,96367000
2025-09-15,26404.357421875,27781.120937354513,26306.01717076932,26797.718426297717,35990800
2025-09-22,26306.017578125,26551.868209696262,25420.955304468458,26207.677325496497,40101300
2025-09-29,26010.99609375,26601.037593041114,25666.805219163514,25765.14546904537,32332600
2025-10-06,26797.71875,27977.801777522935,25961.826605504586,26060.166857798165,67498100
2025-10-13,26355.1875,27584.440648320895,26158.506996268658,26404.357625932837,56020800
2025-10-20,23995.021484375,26306.017406025872,23306.639720478997,26010.99665007044,54247300
2025-10-27,23159.12890625,24191.701532643314,23060.788656117304,24191.701532643314,79396700
2025-11-03,21536.513671875,23257.46796072346,21487.343549336474,22962.447225492295,67864900
2025-11-10,22224.896484375,22569.08735913302,21438.1744849281,21487.344609893527,40031000
2025-11-17,22126.556640625,22962.448780381943,21979.04626302083,22274.067018229165,38714200
2025-11-24,21782.365234375,22618.257353978555,21684.024985009877,22274.06648120062,29381700
2025-12-01,22470.74609375,22716.596707467175,21634.854007111597,21929.87474357221,29548300
2025-12-08,21979.044921875,22962.447379229587,21831.534553271813,22519.91627342002,46724100
2025-12-15,22716.59765625,23404.979403409092,21979.04578429383,22028.21590909091,41713100
2025-12-22,22519.91796875,23257.469867289845,21979.046576487443,22864.10885473526,49748500
2025-12-29,22028.21484375,22618.256312779016,22028.21484375,22618.256312779016,13068900
2026-01-05,22224.896484375,22618.257484098453,20946.473235273785,22077.386109478706,43169100
2026-01-12,26060.166015625,27043.56850678066,22814.93779481132,22864.107919369104,181967800
2026-01-19,23257.46875,26158.5060782241,23159.128501585623,26109.33595401691,159400200
2026-01-26,23159.12890625,23552.489906780786,22274.066655055733,23109.958781183654,59111200
2026-02-02,22126.556640625,24388.382430555554,22126.556640625,23208.29940972222,54087400
2026-02-09,23600.0,23900.0,22650.0,22750.0,25437300
2026-02-16,23600.0,23600.0,23600.0,23600.0,0
2026-02-23,24250.0,24700.0,23600.0,23850.0,47504600
2026-03-02,23350.0,25750.0,23000.0,23000.0,95968100
2026-03-09,21650.0,22950.0,21550.0,21750.0,58365300
2026-03-16,20500.0,22400.0,20500.0,21850.0,39950300
2026-03-23,22250.0,22600.0,19100.0,20250.0,67636200
2026-03-30,24150.0,24600.0,21500.0,21500.0,82883200
2026-04-06,25300.0,25900.0,23500.0,24000.0,79290900
2026-04-13,27000.0,28050.0,24850.0,25000.0,117304000
2026-04-20,26200.0,28400.0,26100.0,26900.0,68014400
2026-04-27,26750.0,27100.0,25800.0,26200.0,10361100
2026-05-04,27950.0,28650.0,26000.0,26950.0,56087800
2026-05-11,28750.0,28900.0,27250.0,28000.0,45316600
2026-05-18,28500.0,30450.0,27950.0,28500.0,58365400
2026-05-25,27500.0,28700.0,27200.0,28400.0,15436000
